000030000000000000000000030000000000000000000022200003333333
000000000000000000000000000002222222222222222222200003333333
000000000000000003000000000000222222222222222222200000000000
000000300000000000002222222222222222222222222222222222422222
000000000000000000002222222222220000000003000000022222422222
000300000010000000002222222222220000000003000000022222422222
000000000000000000002222222222220000000003000000022222422222
000000000000000000000000000000000000000003000000002222422222
000000000003000000003000000000000000000003000000000222422222
000000000000000000000000000000000000000300300000000000000000
000000000000000000000000000000010000003000030000000000000000
000300000003000000000000000000000000030000003000000000000000
000000000000000000000000000000000000300000003000000000000000
000000001000000000000000000000000000030000030000000000000000
000000000000000000300000000000000000003000300000000000000000
000000000000000000000000000000000000000333000000000000000000
000000000000000000000000000000000000000030000000000000000000
000000000000000000000003000000000000000000000000000000000000
000003000000000000000000000000000000000000000000000000000000
000000000300000000000000000000000000000000000000000000000000
000000000000000000000000000000000000000000000033330000000000
000000000000000000000000000000000100000000000000000003333300
000000000000000000000000000000000000000000000000000000000000
000000000000030000000030000000000000000000000000000000000000
000000000000000000000000000000000000000000000000000000000000
000000000000000000000000000000000000000000000000000000000000
000300000000000000000003033333333333333333333333333333333330
000300000000000000000003033333333333333333333330000000000000
000300000000300000000003000000000000000000000000000000000000
000300000000300000000003000000000000000000000000000000000000
000300000000000000000003000003333333333333333330000000000000
000300000000000000000003000000000000000000000300000000000000
000300000000000000000003000000000000000000000000000000000000
000300000000000000000003000000000000000000000000000000000000
000300000000000000000003000000000000000000003333333333333333