000001000222222222222222222222000000000000000000000000000000
000000300222222222222222222222000000000000000000000000000000
003000000222222222222222222222000000000000000003000000010000
000010000222222222222222222222000000000000000000000000000000
000000030222222222222222222222000000000000000000000000000000
222222224222222222222222222222000010000000000000000000000000
222222224222222222222222222222000000000000000000000000000000
000000000000001000000000000000222222222222222224222222222222
000030000000000000000000000000222222222222222224222222222222
000000000000000000000001000000222222222222222224222222222222
222222222220000000000000000000222222222222222224222222222222
222222222224000000000000000000222222222222222224222222222222
222222224444222222222222222222222222222222222224222222222222
000000004002222222222222222222222222222222222224222222222222
030000000002222222222222222222222222222222222224222222222222
000000000002222222222222222222222222222222222224222222222222
000003000002222222222222222222222222222222222224222222222222
000000000002222222222222222222222222222222222224222222222222
000000000002222222222222222222222222222222222224222222222222
000000000002222222222222222222222222222222222224222222222222
100000003044222222222222222222222222222222222224222222222222
222222222224444444444444444444444444400000000000000000000000
222222222222222222222222222222222222000300000000000000030000
222222222222222222222222222222222222000000000000000000000000
222222222222222222222222222222222222000000000000000000000000
222222222222222222222222222222222222000000000000000000000000
222222222222222222222222222222222222000000000001000000000000
222222222222222222222222222222222222000000000000000000000000
222222222222222222222222222222222222000000000000000000000000
222222222222222222222222222222222222000030000000000000000000
222222222222222222222222222222222222000000000000000000000300
222222222222222222222222222222222222000000000000000000000000
222222222222222222222222222222222222000000000000000000000000
222222222222222222222222222222222222000000000000000000000000
222222222222222222222222222222222222000010000000000000000100
222222222222222222222222222222222222000000000000000000000000