000000000000000022222222222222222222220000000000003000000000
003000000000000022222220000000000000000000000000000000000000
000000000000000022242220000000000000000000000000000000000010
000000000000000000000000000000000300000000000030000000000000
000000000001000000000000000000000000000000000000000000000000
000000000000000000000000100000000000000000100000000000000000
000000000000000000000000000000000000000000000000000000000000
000000000000000000000000000000000000000000000000000000000000
100000000000000000000010000000000000000000000000000000000000
000000000000000030000003000000000000000000000000000000000000
000000000000000000000000000000000000000010000000000000000000
000000000000000000000000000000000000000000000000000000000000
000000000000000000000000000000000000000000000000000000000003
000000000001000000000000000000000000000000000000000000000000
000000000000000000000000000000000000000000000000000000000000
000003000000000000000000000000000000000000000000000000000000
000000000000000300000000000000000000000000000000000000000000
000000000000000000000000000000000000000000000000000000000000
000000000000000000000000000000000000000000000000000000000000
222222222200000000000000000000000000000000000000000000000000
000000000000000000000000000000000000000000000000000000000000
000000000000000000000000000000000000000000000000000000000000
000000000000000000000000000000000000000000000000000000000000
000000000000000000000000000000000000000000000000000000000000
000000000000000000000000000000000000000000000000000000000000
000000000000000000000000000000000000000000000000000000000000
000000000000000000000000000000000000000000000000000000000000
000000000000000000000000000000000000000000000000000000000000
000000000000000000000000000000000000000000000000000000000000
000000000000000000000000000000000000000000000000000000000000
000000000000000000000000000000000000000000000000000000000000
000000000000000000000000000000000000000000000000000000000000
000000000000000000000000000000000000000000000000000000000000
000000000000000000000000000000000000000000000000000000000000
000000000000000000000000000000000000000000000000000000000000
000000000000000000000000000000000000000000000000000000000000
000000000000000000000000000000000000000000000000000000000000